1,2,3,4,5,6,7,8,9,10,11,12,13,14,15,16,17,18,19,20,21,22,23,24,25,26,27,28,29,30,31,32,33,34,35,36,37,38,39,40,41,42,43,44,45,46,47,48,49,50,51,52,53,54,55,56,57,58,59,60,61,62,63,64,65,66,67,68,69,70,71,72,73,74,75,76,77,78,79,80,81,82,83,84,85,86,87,88,89,90,91,92,93,94,95,96,97,98,99,100
2,4,6,8,10,12,14,16,18,20,22,24,26,28,30,32,34,36,38,40,42,44,46,48,50,52,54,56,58,60,62,64,66,68,70,72,74,76,78,80,82,84,86,88,90,92,94,96,98,100
3,6,9,12,15,18,21,24,27,30,33,36,39,42,45,48,51,54,57,60,63,66,69,72,75,78,81,84,87,90,93,96,99
4,8,12,16,20,24,28,32,36,40,44,48,52,56,60,64,68,72,76,80,84,88,92,96,100
5,10,15,20,25,30,35,40,45,50,55,60,65,70,75,80,85,90,95,100
6,12,18,24,30,36,42,48,54,60,66,72,78,84,90,96
7,14,21,28,35,42,49,56,63,70,77,84,91,98
8,16,24,32,40,48,56,64,72,80,88,96
9,18,27,36,45,54,63,72,81,90,99
10,20,30,40,50,60,70,80,90,100
11,22,33,44,55,66,77,88,99
12,24,36,48,60,72,84,96
13,26,39,52,65,78,91
14,28,42,56,70,84,98
15,30,45,60,75,90
16,32,48,64,80,96
17,34,51,68,85
18,36,54,72,90
19,38,57,76,95
20,40,60,80,100
21,42,63,84
22,44,66,88
23,46,69,92
24,48,72,96
25,50,75,100
26,52,78
27,54,81
28,56,84
29,58,87
30,60,90
31,62,93
32,64,96
33,66,99
34,68
35,70
36,72
37,74
38,76
39,78
40,80
41,82
42,84
43,86
44,88
45,90
46,92
47,94
48,96
49,98
50,100
51
52
53
54
55
56
57
58
59
60
61
62
63
64
65
66
67
68
69
70
71
72
73
74
75
76
77
78
79
80
81
82
83
84
85
86
87
88
89
90
91
92
93
94
95
96
97
98
99
100
